# Campo Magnético (Oe)  Momento Magnético Corrigido (emu)
14917.111328 0.989247
14995.744141 0.990109
14979.449219 0.990403
14944.240723 0.991118
14905.272461 0.991895
14866.014648 0.991954
14825.651855 0.992142
14786.686035 0.992293
14747.477051 0.991787
14707.078125 0.991570
14666.703613 0.991354
14626.562988 0.991232
14586.636719 0.991521
14546.552246 0.993153
14507.375977 0.991135
14468.373047 0.991087
14427.977051 0.990956
14387.245605 0.993063
14347.078613 0.993456
14308.190918 0.993859
14269.064941 0.992662
14228.821777 0.993081
14188.508789 0.991735
14148.214355 0.996242
14109.354980 0.992923
14070.396484 0.991489
14030.146484 0.992384
13990.003418 0.993319
13949.871582 0.994253
13912.284180 0.989374
13874.673340 0.991777
13834.437988 0.990434
13794.148438 0.992444
13753.983398 0.992736
13713.826172 0.993317
13673.538574 0.993458
13633.241211 0.992544
13593.001465 0.992170
13552.919434 0.992248
13512.660156 0.993019
13473.328613 0.992874
13434.004395 0.992505
13393.596680 0.993095
13353.297363 0.993295
13313.009766 0.993981
13274.107422 0.993006
13234.103516 0.993622
13193.889648 0.993821
13154.782227 0.995308
13114.414551 0.993129
13074.020508 0.992855
13033.780273 0.994173
12994.890137 0.993333
12955.992676 0.994372
12915.736328 0.992894
12875.500977 0.991319
12835.447266 0.995668
12795.540039 0.992792
12756.666504 0.996138
12717.460449 0.996318
12677.063965 0.995128
12636.842285 0.992831
12597.916992 0.994855
12558.563965 0.995207
12517.828125 0.996477
12477.467773 0.994605
12438.527832 0.996274
12399.632812 0.997519
12359.630859 0.996286
12319.626465 0.996540
12279.482910 0.998227
12239.275879 0.995680
12198.955566 0.997763
12158.547852 0.997644
12118.250977 0.997019
12080.760254 0.997585
12043.078613 0.997981
12002.675781 0.999148
11962.473145 0.998794
11922.260742 0.998270
11882.027832 0.998645
11841.863281 0.998324
11801.523926 0.998150
11762.348633 0.998395
11723.100098 0.999657
11682.689941 0.996877
11642.366699 0.998897
11603.327637 0.998382
11564.433105 0.997304
11522.979980 0.999598
11482.827148 0.998438
11443.969727 0.998662
11404.066895 0.998740
11363.912109 0.998029
11324.634766 0.998759
11285.593262 0.999052
11245.296387 0.998160
11204.772949 0.999034
11165.639648 0.998723
11126.588867 0.998369
11086.296875 0.999155
11046.238770 0.998155
11006.007812 0.999530
10965.779297 0.998975
10925.758789 0.999596
10886.771973 0.997553
10847.572754 0.999070
10807.020508 0.997300
10767.769043 0.996408
10728.511230 0.998128
10688.107910 0.997843
10648.110352 0.999079
10607.959961 0.999583
10570.136719 0.997725
10532.375000 0.997514
10492.066406 0.997466
10451.771973 0.996311
10411.545898 0.998608
10371.487305 0.997631
10331.343750 0.998338
10291.176758 0.997843
10251.066406 0.997246
10210.818848 0.997641
10170.498535 0.998237
10131.559082 0.997776
10092.437500 0.996717
10052.048828 0.998270
10011.761719 0.998124
9972.562012 0.998241
9933.424316 0.998077
9893.035645 1.000000
9853.868652 0.996659
9814.516113 0.997249
9774.042480 0.997669
9733.743164 0.997740
9694.721191 0.997512
9655.764648 0.999751
9615.608887 0.997936
9575.479980 0.998191
9535.367676 0.998385
9495.230957 0.996443
9456.201172 0.998554
9415.956543 0.998256
9375.503906 0.997152
9336.242676 0.996998
9297.028809 0.996929
9257.992676 0.998879
9217.776367 0.996176
9177.483887 0.996811
9137.496094 0.997497
9097.348145 0.995720
9057.145508 0.996563
9019.723145 0.996623
8982.181152 0.997808
8941.851074 0.997533
8901.452637 0.996170
8861.208008 0.996480
8821.139648 0.997174
8781.149414 0.996371
8741.147949 0.996685
8700.841797 0.996369
8660.448242 0.997039
8620.200684 0.997323
8579.882324 0.997009
8541.016113 0.997240
8502.166504 0.996535
8461.954590 0.995368
8421.534668 0.998109
8382.174805 0.994562
8342.928223 0.996682
8302.543945 0.996127
8262.313477 0.997209
8223.267578 0.996535
8184.166992 0.995868
8143.952637 0.996088
8103.715088 0.995879
8063.399658 0.994533
8023.263184 0.995775
7983.218750 0.995714
7944.416260 0.995533
7905.776367 0.995381
7865.890137 0.995472
7825.668945 0.997258
7785.331787 0.994688
7745.008789 0.994634
7705.990967 0.995553
7667.134033 0.995688
7627.148926 0.995134
7587.217529 0.996143
7546.970459 0.995332
7507.769043 0.994873
7468.744385 0.996227
7428.416992 0.994301
7387.921875 0.995279
7350.041748 0.994080
7309.813477 0.994249
7269.719482 0.996596
7232.129395 0.994152
7192.007568 0.995512
7152.039062 0.995206
7111.793945 0.994882
7071.376465 0.994481
7031.051270 0.994618
6990.681396 0.994241
6950.311523 0.994525
6911.166504 0.993703
6872.044922 0.994836
6831.606445 0.993921
6791.238770 0.992391
6750.925537 0.994252
6711.648438 0.993671
6672.611816 0.992919
6632.456543 0.994425
6592.159668 0.992370
6553.189453 0.992850
6513.994873 0.993394
6473.784912 0.993467
6433.644043 0.993704
6393.429932 0.992807
6353.439697 0.993293
6314.408203 0.992900
6275.218262 0.991740
6235.079102 0.993001
6195.084229 0.991878
6155.214600 0.992589
6115.123047 0.991263
6075.850586 0.991477
6036.715088 0.991656
5996.722656 0.990202
5956.850586 0.990640
5916.624756 0.990612
5877.500977 0.990710
5838.535156 0.991210
5798.150879 0.990825
5757.958008 0.989401
5717.958496 0.990346
5680.295654 0.989739
5642.725098 0.989723
5602.402344 0.990168
5562.001709 0.988891
5521.818115 0.989293
5481.745361 0.989957
5441.830811 0.989479
5401.847900 0.987834
5361.784668 0.989071
5321.509033 0.987254
5281.273682 0.987952
5241.064209 0.989229
5200.755615 0.988516
5161.997559 0.987043
5123.447266 0.986368
5083.561279 0.986384
5043.332764 0.987081
5004.404785 0.986391
4965.474365 0.987637
4924.186035 0.985982
4884.000244 0.986507
4844.744385 0.984729
4805.634766 0.984567
4765.392334 0.985385
4725.137939 0.984302
4686.002197 0.984349
4645.934082 0.983247
4605.972168 0.983637
4565.828857 0.984073
4526.870361 0.982125
4487.918701 0.983107
4447.517822 0.982506
4407.228027 0.982403
4367.224121 0.982571
4327.198730 0.981524
4288.173828 0.981124
4249.007812 0.981363
4208.786621 0.980727
4169.738037 0.981103
4130.621338 0.979698
4090.109863 0.979887
4049.671387 0.979295
4009.442993 0.980195
3968.895874 0.978236
3930.914307 0.977504
3893.093384 0.977076
3852.541626 0.976177
3812.140869 0.977211
3771.896118 0.975475
3731.759888 0.975358
3691.779175 0.975384
3651.850464 0.976138
3611.846191 0.974541
3571.532715 0.975368
3532.430420 0.973163
3493.335083 0.973164
3453.108887 0.972499
3412.939575 0.972672
3372.357056 0.970711
3332.994751 0.972002
3294.076294 0.969512
3254.116821 0.971011
3213.862549 0.969539
3173.440796 0.968371
3134.564697 0.967608
3095.690918 0.966979
3055.481445 0.966731
3015.113770 0.966551
2975.831787 0.966241
2936.866211 0.965118
2896.687378 0.964183
2856.388062 0.963849
2816.093506 0.963070
2776.877686 0.961734
2737.704468 0.961771
2697.336792 0.959867
2657.020874 0.958230
2617.993774 0.958503
2579.025879 0.957169
2538.873047 0.957160
2498.587891 0.957700
2458.279297 0.955409
2417.958862 0.954653
2380.175659 0.954080
2342.444458 0.953133
2302.164062 0.951422
2261.706665 0.949574
2221.178467 0.949882
2180.848633 0.947949
2140.610718 0.947562
2100.292480 0.946617
2059.894165 0.944462
2019.569031 0.942899
1980.591675 0.943178
1940.419922 0.941567
1900.413330 0.939771
1862.764709 0.938058
1823.758911 0.937264
1783.577698 0.935137
1743.509766 0.934548
1703.486694 0.932388
1663.402283 0.930483
1623.296631 0.929895
1584.345093 0.927187
1545.410095 0.926624
1505.035400 0.923242
1464.637024 0.922906
1425.348022 0.919821
1385.983521 0.918617
1345.689026 0.915654
1305.401611 0.912495
1265.234558 0.910129
1226.512024 0.908463
1187.813049 0.905810
1147.832397 0.902835
1107.537903 0.901242
1068.255920 0.898240
1029.228882 0.895087
989.019409 0.891594
948.625793 0.888622
908.135406 0.883815
867.888092 0.881517
827.997192 0.877025
788.103943 0.872570
750.587494 0.867043
713.059235 0.862576
672.967712 0.857616
632.722778 0.851379
592.402313 0.844438
552.074768 0.839306
511.683487 0.832314
471.235565 0.823488
430.851379 0.815654
391.720505 0.805958
352.681671 0.795272
312.229034 0.782276
271.785835 0.767065
231.791084 0.750009
192.827774 0.728006
152.530914 0.701534
112.399281 0.669380
73.275476 0.628338
32.952652 0.574830
-5.904448 0.502464
-44.789864 0.399630
-84.973431 0.191196
-125.454395 -0.224087
-164.856712 -0.599125
-204.107979 -0.691101
-244.508690 -0.730092
-284.975494 -0.754736
-324.188995 -0.772319
-363.140488 -0.786165
-403.357101 -0.798680
-443.599670 -0.810117
-483.601486 -0.819636
-522.460938 -0.826526
-562.679932 -0.835599
-604.097931 -0.841485
-643.037628 -0.848424
-681.712982 -0.854582
-721.582611 -0.859809
-762.058838 -0.865365
-802.622437 -0.868709
-840.070496 -0.875090
-877.553894 -0.877812
-917.843658 -0.881998
-957.852539 -0.885917
-998.005402 -0.888827
-1038.441498 -0.892905
-1078.802063 -0.895629
-1118.095825 -0.898637
-1157.408508 -0.900921
-1197.788025 -0.905200
-1237.992859 -0.907273
-1278.067871 -0.908934
-1317.880859 -0.912469
-1357.844910 -0.914463
-1396.942749 -0.916438
-1436.137329 -0.918319
-1476.453064 -0.921304
-1516.532776 -0.922754
-1556.593628 -0.924630
-1595.677368 -0.926820
-1634.876709 -0.928491
-1675.206543 -0.929790
-1715.274475 -0.932236
-1755.165405 -0.933345
-1793.956360 -0.935733
-1832.917358 -0.936067
-1873.369995 -0.937339
-1913.990173 -0.938656
-1954.723694 -0.939966
-1994.159058 -0.942511
-2033.363098 -0.941971
-2073.539551 -0.944556
-2113.609741 -0.945170
-2153.765015 -0.946478
-2192.813354 -0.947556
-2232.000854 -0.948599
-2272.611694 -0.949493
-2312.984131 -0.950867
-2350.408569 -0.951637
-2390.481323 -0.952445
-2430.730957 -0.953903
-2468.497559 -0.955509
-2508.652832 -0.955892
-2548.727783 -0.956183
-2588.939697 -0.957649
-2629.245972 -0.957881
-2669.644287 -0.958772
-2709.891602 -0.958774
-2749.952393 -0.959563
-2789.031372 -0.960986
-2828.311035 -0.963421
-2868.619629 -0.961715
-2908.909302 -0.962864
-2949.220337 -0.962823
-2989.375610 -0.963942
-3028.497070 -0.965597
-3067.597168 -0.964903
-3107.967163 -0.967086
-3148.138916 -0.967262
-3186.771851 -0.968347
-3225.881470 -0.967535
-3265.951660 -0.968599
-3305.840332 -0.970346
-3345.990845 -0.970974
-3384.873779 -0.970063
-3423.929077 -0.971195
-3464.181152 -0.971434
-3504.341309 -0.971281
-3544.739624 -0.972687
-3584.078125 -0.973631
-3623.430908 -0.973620
-3663.994385 -0.973184
-3703.026245 -0.973963
-3741.642578 -0.975684
-3781.696167 -0.974623
-3821.941162 -0.976167
-3862.013916 -0.976837
-3902.251831 -0.976655
-3942.468384 -0.977384
-3980.202026 -0.976607
-4017.961670 -0.977951
-4058.204224 -0.977620
-4098.595215 -0.978496
-4138.882568 -0.978607
-4179.047363 -0.978154
-4219.153076 -0.979837
-4259.225830 -0.978701
-4299.390381 -0.979006
-4339.458252 -0.980867
-4379.726807 -0.981102
-4420.443848 -0.981578
-4459.789551 -0.981875
-4498.809326 -0.982754
-4539.207520 -0.982349
-4579.669678 -0.982746
-4618.600098 -0.983388
-4657.532959 -0.982813
-4697.695557 -0.983521
-4737.853027 -0.983629
-4778.020020 -0.984100
-4818.279297 -0.983499
-4857.473877 -0.985543
-4896.521973 -0.984963
-4936.929688 -0.984850
-4977.226562 -0.984912
-5016.001221 -0.984486
-5055.122803 -0.985744
-5095.520996 -0.985400
-5135.383545 -0.985044
-5175.361572 -0.986924
-5215.625244 -0.986785
-5255.875244 -0.987869
-5294.895264 -0.987663
-5333.655518 -0.987276
-5373.789551 -0.987070
-5414.383545 -0.987277
-5453.596924 -0.987837
-5493.969482 -0.987859
-5534.221680 -0.988465
-5573.019775 -0.987633
-5613.250244 -0.986980
-5653.379639 -0.989032
-5690.879639 -0.989976
-5728.476074 -0.989551
-5768.711670 -0.989126
-5808.857422 -0.989223
-5848.996094 -0.989100
-5889.222412 -0.991551
-5929.382568 -0.990072
-5969.554199 -0.990875
-6009.936035 -0.989917
-6050.391113 -0.990548
-6090.855469 -0.991150
-6131.258545 -0.991657
-6170.226562 -0.990382
-6209.036377 -0.991474
-6249.187012 -0.991627
-6289.719971 -0.991877
-6328.905029 -0.992256
-6367.943848 -0.991559
-6408.346924 -0.992278
-6448.558838 -0.991860
-6488.456543 -0.991324
-6528.536133 -0.992276
-6567.582275 -0.992331
-6606.533691 -0.992014
-6646.679443 -0.992386
-6686.811035 -0.993104
-6726.949707 -0.993152
-6765.750244 -0.992575
-6804.552979 -0.994066
-6844.828857 -0.992761
-6885.090576 -0.994826
-6925.415771 -0.993325
-6964.605225 -0.995459
-7003.374756 -0.993774
-7043.204590 -0.992479
-7083.274902 -0.993344
-7123.349854 -0.994437
-7163.514648 -0.994046
-7203.792480 -0.994178
-7243.055420 -0.992953
-7282.342041 -0.993537
-7322.485596 -0.993170
-7362.699707 -0.993670
-7400.359863 -0.993603
-7437.961426 -0.994674
-7478.131104 -0.995174
-7518.387695 -0.995163
-7558.618408 -0.993668
-7598.525879 -0.994447
-7638.503906 -0.995565
-7678.491943 -0.995443
-7718.647217 -0.995601
-7759.118652 -0.996550
-7798.157471 -0.994459
-7837.193848 -0.995376
-7877.481445 -0.995251
-7917.452637 -0.993617
-7957.426025 -0.995169
-7997.666260 -0.994676
-8036.888916 -0.995322
-8076.067139 -0.996850
-8116.499023 -0.995546
-8155.622803 -0.995166
-8194.746338 -0.995274
-8235.184570 -0.993775
-8275.420410 -0.996301
-8315.582520 -0.995200
-8355.666504 -0.995736
-8395.720215 -0.996208
-8435.946777 -0.995641
-8475.061523 -0.995407
-8514.078613 -0.995999
-8554.129883 -0.995156
-8594.186035 -0.995734
-8633.158691 -0.996838
-8672.204590 -0.995532
-8712.492188 -0.996947
-8752.630859 -0.996702
-8792.866211 -0.996700
-8832.141113 -0.994517
-8871.427734 -0.996067
-8911.807129 -0.996076
-8949.578613 -0.995435
-8987.435059 -0.997462
-9027.585449 -0.996838
-9067.648926 -0.995507
-9107.936523 -0.995679
-9148.169434 -0.997408
-9188.506348 -0.996722
-9228.952148 -0.997791
-9269.062500 -0.997070
-9309.189453 -0.996633
-9348.313477 -0.998160
-9387.520020 -0.996299
-9427.906738 -0.997949
-9467.915527 -0.996222
-9506.869141 -0.995457
-9545.993164 -0.996535
-9586.375488 -0.997353
-9626.903320 -0.996518
-9667.223633 -0.996595
-9707.466309 -0.998070
-9746.644531 -0.996925
-9785.973633 -0.995852
-9826.454590 -0.996007
-9866.697266 -0.996170
-9906.979980 -0.997484
-9945.990234 -0.997866
-9984.771484 -0.996784
-10024.934082 -0.998459
-10065.193359 -0.999728
-10104.199219 -0.996860
-10143.285156 -0.997777
-10183.607910 -0.997279
-10223.843750 -0.997692
-10264.017578 -0.996791
-10304.191406 -0.995735
-10344.356445 -0.998012
-10384.355957 -0.998440
-10423.040527 -0.998232
-10461.963379 -0.996643
-10502.512695 -0.994958
-10543.243652 -0.996620
-10581.258301 -0.996571
-10618.987793 -0.997132
-10659.185547 -0.997756
-10699.585938 -0.998308
-10739.741211 -0.997947
-10779.703125 -0.998920
-10819.764160 -0.995602
-10859.851074 -0.998010
-10900.074707 -0.998500
-10939.042480 -0.996899
-10978.024414 -0.996872
-11019.517578 -0.995544
-11059.840332 -0.998229
-11100.073730 -0.997417
-11140.373047 -0.997419
-11178.134766 -0.998183
-11216.920898 -0.996653
-11258.370117 -0.996793
-11298.516113 -0.999025
-11337.448242 -0.997608
-11377.834961 -0.997436
-11418.219238 -0.997179
-11457.392578 -0.995494
-11496.653320 -0.997131
-11537.226074 -0.997685
-11577.697266 -0.996293
-11616.573242 -0.996466
-11655.475586 -0.995527
-11695.795898 -0.997699
-11736.116211 -0.997358
-11776.441406 -0.995693
-11816.644043 -0.997034
-11855.753906 -0.995539
-11895.047363 -0.995529
-11935.195312 -0.997177
-11975.239746 -0.996014
-12015.460938 -0.995598
-12055.788574 -0.997034
-12096.092773 -0.998097
-12134.878906 -0.997449
-12173.757324 -0.995526
-12214.065918 -0.997909
-12254.410156 -0.995407
-12294.836914 -0.996417
-12332.751953 -0.995314
-12370.603516 -0.994697
-12410.997559 -0.996983
-12451.221191 -0.995655
-12491.454102 -0.997577
-12531.920898 -0.994786
-12572.302246 -0.996835
-12612.622559 -0.997961
-12652.846191 -0.996861
-12693.072754 -0.995444
-12732.196777 -0.996664
-12771.230469 -0.997762
-12811.522461 -0.995473
-12852.050781 -0.996574
-12892.298340 -0.995929
-12932.222656 -0.995891
-12971.261230 -0.994724
-13010.148926 -0.995908
-13049.908203 -0.996687
-13090.072754 -0.996332
-13130.485352 -0.996764
-13169.585449 -0.996744
-13208.755859 -0.994554
-13248.981445 -0.996520
-13289.226562 -0.994324
-13328.410156 -0.993881
-13367.498535 -0.997401
-13407.740723 -0.995745
-13447.895508 -0.994306
-13488.112305 -0.996785
-13527.132812 -0.995635
-13566.169434 -0.998077
-13606.178711 -0.995311
-13646.102051 -0.997404
-13686.150391 -0.994766
-13725.158691 -0.994163
-13764.112793 -0.995470
-13804.039551 -0.997776
-13844.253906 -0.996423
-13884.630859 -0.995566
-13924.965332 -0.995034
-13964.964844 -0.993889
-14002.134277 -0.997273
-14042.103027 -0.994972
-14082.421387 -0.993448
-14120.114746 -0.996421
-14160.182617 -0.994310
-14200.295410 -0.992471
-14240.684082 -0.995834
-14281.334961 -0.995725
-14322.054688 -0.995513
-14362.703613 -0.995745
-14401.817383 -0.995753
-14440.773438 -0.993814
-14481.025391 -0.996513
-14521.487305 -0.996157
-14561.853027 -0.993143
-14600.889648 -0.994530
-14640.093750 -0.994718
-14680.420898 -0.993892
-14720.406250 -0.994327
-14760.538086 -0.994383
-14800.924316 -0.994269
-14839.958008 -0.995728
-14880.259766 -0.998143
-14920.311523 -0.994280
-14959.192383 -0.994657
-14989.642090 -0.995376
-14999.952148 -0.993546
-14985.084473 -0.994018
-14949.967773 -0.993813
-14909.409180 -0.994102
-14870.240723 -0.993370
-14831.303223 -0.994943
-14791.072266 -0.995152
-14750.830078 -0.996454
-14710.616211 -0.994578
-14670.568848 -0.994978
-14630.481934 -0.995459
-14590.251953 -0.994393
-14551.210449 -0.993377
-14512.026855 -0.992991
-14471.572754 -0.994508
-14431.248047 -0.993512
-14393.500000 -0.994274
-14355.662109 -0.994123
-14315.570312 -0.995395
-14275.576172 -0.994696
-14235.175781 -0.995878
-14194.704102 -0.993913
-14154.253906 -0.996534
-14113.619141 -0.996192
-14074.338867 -0.996060
-14035.326172 -0.993442
-13995.100586 -0.994698
-13954.774902 -0.994639
-13914.460938 -0.995301
-13875.437012 -0.994603
-13835.473633 -0.996343
-13794.293945 -0.997718
-13755.408203 -0.994328
-13716.522949 -0.996578
-13676.320312 -0.995039
-13636.032715 -0.994565
-13595.868164 -0.994456
-13555.864258 -0.996504
-13517.177246 -0.996531
-13477.288574 -0.994458
-13437.116699 -0.995680
-13398.009277 -0.995970
-13357.837891 -0.995484
-13317.762695 -0.995775
-13279.082520 -0.995784
-13240.125977 -0.994957
-13199.807617 -0.997771
-13159.518066 -0.995147
-13118.963867 -0.997189
-13079.762695 -0.997169
-13040.735840 -0.996030
-13000.645996 -0.996220
-12960.479004 -0.994503
-12921.700195 -0.995871
-12881.771484 -0.995656
-12841.361816 -0.998134
-12801.950195 -0.997073
-12764.206543 -0.996554
-12726.454102 -0.995866
-12686.110352 -0.996894
-12646.129395 -0.997271
-12606.097168 -0.997709
-12566.010742 -0.996138
-12525.852539 -0.997468
-12485.484863 -0.996695
-12444.859863 -0.996603
-12404.310547 -0.995926
-12365.198730 -0.994605
-12325.805664 -0.997578
-12285.138184 -0.996223
-12244.808105 -0.995372
-12204.648438 -0.995153
-12165.787109 -0.996164
-12126.852051 -0.996287
-12086.852539 -0.994872
-12046.701660 -0.994485
-12007.676758 -0.997447
-11967.517090 -0.997303
-11927.215820 -0.995879
-11888.356445 -0.995363
-11848.349609 -0.997252
-11808.302734 -0.996003
-11768.170898 -0.996109
-11727.989746 -0.998903
-11689.033691 -0.997248
-11650.070312 -0.996463
-11609.941406 -0.996141
-11569.845215 -0.996836
-11529.255371 -0.995763
-11489.815430 -0.995279
-11450.861328 -0.996020
-11410.649414 -0.996870
-11370.175781 -0.996776
-11329.872070 -0.995109
-11291.090332 -0.996259
-11252.136230 -0.996719
-11211.981445 -0.995309
-11172.071777 -0.997275
-11132.098145 -0.997396
-11091.883789 -0.997321
-11051.718750 -0.996018
-11014.207031 -0.997636
-10976.686035 -0.997605
-10936.596680 -0.995910
-10896.446289 -0.996464
-10856.189453 -0.997877
-10815.779297 -0.997790
-10775.492188 -0.997065
-10735.509277 -0.995768
-10695.434570 -0.996823
-10655.062012 -0.995463
-10614.689453 -0.995595
-10574.159180 -0.996279
-10534.879883 -0.996424
-10495.659180 -0.996720
-10455.029297 -0.996888
-10415.940918 -0.997416
-10376.918457 -0.997077
-10336.522461 -0.997387
-10296.131348 -0.996509
-10257.005371 -0.995684
-10217.947754 -0.996011
-10177.785156 -0.997211
-10137.721680 -0.997593
-10097.592773 -0.995648
-10057.286621 -0.996322
-10018.245117 -0.996724
-9979.213379 -0.997750
-9938.994629 -0.995099
-9898.929199 -0.996413
-9858.688965 -0.996906
-9818.627930 -0.995935
-9778.802734 -0.996321
-9738.814941 -0.997592
-9699.887207 -0.996524
-9660.853027 -0.997708
-9620.440430 -0.997200
-9579.987793 -0.995773
-9539.537598 -0.996631
-9500.411621 -0.995253
-9461.373047 -0.995888
-9421.326660 -0.996460
-9381.194824 -0.995783
-9341.105469 -0.995728
-9303.810547 -0.995778
-9266.229980 -0.994564
-9225.874023 -0.997074
-9185.579102 -0.997622
-9145.416504 -0.995927
-9105.256836 -0.997497
-9065.028809 -0.995566
-9024.736816 -0.995597
-8984.652344 -0.996130
-8944.650391 -0.996047
-8904.660156 -0.994919
-8864.729492 -0.996335
-8824.489746 -0.997221
-8785.458008 -0.996811
-8746.737793 -0.996176
-8706.355957 -0.997360
-8665.830078 -0.997357
-8625.594238 -0.996183
-8586.477539 -0.995118
-8545.944824 -0.995521
-8505.406738 -0.994890
-8466.205078 -0.996994
-8427.081543 -0.995845
-8388.063965 -0.996263
-8347.691895 -0.994810
-8307.284180 -0.995149
-8268.167480 -0.996103
-8227.896484 -0.995954
-8186.645996 -0.995692
-8147.838135 -0.996822
-8109.103760 -0.995481
-8069.029297 -0.994125
-8028.899902 -0.995334
-7990.302002 -0.994919
-7951.598145 -0.996086
-7911.813721 -0.994746
-7871.906738 -0.995259
-7831.852783 -0.995475
-7791.617188 -0.994561
-7752.429688 -0.994385
-7713.334229 -0.994372
-7672.801270 -0.994247
-7632.334229 -0.993786
-7594.565430 -0.993900
-7556.720947 -0.994181
-7516.405273 -0.995164
-7476.231201 -0.993755
-7436.158447 -0.994569
-7396.005615 -0.995998
-7355.784424 -0.993048
-7315.565186 -0.993512
-7275.395508 -0.993485
-7235.403320 -0.993438
-7195.496094 -0.994313
-7155.352783 -0.994389
-7116.337402 -0.992833
-7077.482422 -0.993160
-7037.162109 -0.994058
-6996.756836 -0.993903
-6956.450684 -0.994103
-6916.231689 -0.992793
-6876.064697 -0.992185
-6836.750000 -0.994503
-6797.295654 -0.992394
-6756.745850 -0.990948
-6716.170410 -0.991579
-6677.223877 -0.991247
-6638.454102 -0.993189
-6598.220703 -0.992796
-6558.006348 -0.993187
-6518.906006 -0.993524
-6479.787109 -0.992142
-6439.773682 -0.991858
-6399.700928 -0.991411
-6359.326172 -0.991724
-6319.994629 -0.990562
-6280.807129 -0.991033
-6240.493896 -0.992498
-6200.166504 -0.990378
-6161.335205 -0.992065
-6122.454590 -0.992578
-6081.999756 -0.990973
-6041.523438 -0.990364
-6001.063721 -0.991593
-5963.245117 -0.990441
-5925.645996 -0.990247
-5885.332520 -0.990218
-5844.844482 -0.990182
-5804.460449 -0.989800
-5764.399658 -0.990597
-5724.251465 -0.989116
-5683.872070 -0.988748
-5643.568115 -0.988787
-5603.346680 -0.989283
-5563.198486 -0.989246
-5524.313232 -0.988946
-5484.386963 -0.988379
-5444.312012 -0.987659
-5405.492676 -0.988955
-5365.717285 -0.987170
-5325.755615 -0.987904
-5285.701904 -0.988083
-5246.804688 -0.987175
-5207.695068 -0.986020
-5167.242432 -0.985903
-5126.853516 -0.986392
-5088.001221 -0.986167
-5048.891602 -0.987301
-5008.490723 -0.986182
-4968.368408 -0.985502
-4929.258789 -0.985145
-4890.118408 -0.985525
-4849.403809 -0.984162
-4809.008057 -0.984718
-4768.996826 -0.984754
-4730.031006 -0.984894
-4691.060547 -0.984292
-4650.574707 -0.983046
-4610.216553 -0.982496
-4570.080322 -0.982874
-4530.154053 -0.982905
-4491.358154 -0.982226
-4452.017090 -0.982311
-4411.489014 -0.980854
-4373.724609 -0.980588
-4335.998047 -0.980911
-4295.627930 -0.981067
-4255.217773 -0.980851
-4215.053223 -0.979720
-4174.966309 -0.980335
-4134.728516 -0.979887
-4094.344604 -0.979609
-4053.896729 -0.978472
-4014.777588 -0.977692
-3975.894409 -0.977444
-3935.847656 -0.977385
-3895.539062 -0.977482
-3855.133667 -0.976734
-3814.900635 -0.976328
-3774.754883 -0.975933
-3735.833984 -0.975222
-3697.045288 -0.974983
-3656.871216 -0.974254
-3616.166016 -0.973950
-3576.504028 -0.974521
-3537.137207 -0.973716
-3496.741089 -0.972904
-3456.257812 -0.971694
-3417.209595 -0.972578
-3378.402100 -0.971940
-3337.038452 -0.971065
-3296.894897 -0.969831
-3258.075562 -0.969165
-3217.920288 -0.970812
-3177.472412 -0.967565
-3136.989136 -0.968857
-3098.077759 -0.967820
-3059.187622 -0.966857
-3018.768066 -0.965798
-2978.343750 -0.965643
-2939.309570 -0.964758
-2900.275513 -0.964477
-2859.985840 -0.963613
-2819.672485 -0.962578
-2779.422852 -0.961271
-2739.052734 -0.959805
-2701.066528 -0.960628
-2663.061523 -0.960234
-2622.417725 -0.959726
-2581.880127 -0.957724
-2541.609253 -0.957052
-2501.378540 -0.956155
-2461.135986 -0.954787
-2420.997192 -0.954471
-2380.761597 -0.953453
-2341.781738 -0.952969
-2302.905762 -0.951301
-2262.835449 -0.950128
-2222.545654 -0.949645
-2181.925537 -0.946937
-2141.815186 -0.946174
-2103.007568 -0.945742
-2063.914368 -0.944059
-2023.756775 -0.944103
-1983.547302 -0.941745
-1944.666626 -0.940973
-1905.677307 -0.940134
-1865.297852 -0.938680
-1824.826355 -0.937526
-1784.031494 -0.935508
-1744.666992 -0.934484
-1705.647034 -0.933335
-1665.513000 -0.930953
-1625.386047 -0.929171
-1585.452698 -0.928590
-1546.874146 -0.927590
-1507.856445 -0.924436
-1467.620911 -0.922553
-1427.465698 -0.920343
-1387.048462 -0.919394
-1346.624146 -0.915638
-1306.284790 -0.914016
-1267.090210 -0.911204
-1228.138733 -0.909593
-1188.080261 -0.906705
-1147.854187 -0.903333
-1107.609192 -0.900887
-1069.778809 -0.897733
-1031.821014 -0.896300
-991.448608 -0.892004
-951.073883 -0.888558
-910.670837 -0.885732
-870.588745 -0.880191
-830.516144 -0.876991
-791.538635 -0.873183
-752.752289 -0.867488
-712.505005 -0.864460
-672.326202 -0.858358
-632.390472 -0.852701
-593.448364 -0.846435
-554.577118 -0.839675
-514.421890 -0.832907
-474.422409 -0.826433
-434.510269 -0.816721
-394.461243 -0.807179
-355.757584 -0.795993
-316.898132 -0.785111
-276.811325 -0.770496
-236.910988 -0.752252
-196.946922 -0.731789
-156.926208 -0.706070
-116.534939 -0.674974
-75.865158 -0.633389
-36.403833 -0.579164
2.911155 -0.507250
42.018439 -0.406078
81.220133 -0.199160
121.547668 0.215750
161.768997 0.598522
202.139030 0.690375
242.693153 0.731754
281.894852 0.755708
320.810974 0.774180
360.947342 0.787940
401.123825 0.799496
441.186996 0.810252
481.339874 0.818981
519.016846 0.827508
556.540375 0.835024
596.443085 0.841757
636.168762 0.848359
676.189484 0.855786
716.450958 0.860326
756.849304 0.865180
797.240570 0.870126
837.620026 0.874836
877.999512 0.879305
917.033630 0.881958
956.072418 0.886971
996.369263 0.890420
1035.707855 0.893400
1074.985107 0.895674
1115.227661 0.898409
1155.557556 0.902177
1195.927673 0.904423
1235.101074 0.906592
1274.382996 0.909611
1314.783691 0.912019
1355.014465 0.914325
1395.386841 0.916951
1434.812744 0.920015
1474.344849 0.921402
1515.040588 0.924153
1555.639526 0.923734
1594.841248 0.926268
1633.974548 0.927940
1674.387085 0.931202
1714.686279 0.930814
1755.060974 0.933743
1794.255615 0.935042
1833.041931 0.936231
1874.065735 0.936291
1914.133545 0.939713
1953.004761 0.939548
1993.096252 0.942186
2033.355408 0.943494
2071.044312 0.943229
2108.725952 0.942977
2148.968506 0.946315
2189.291260 0.947047
2229.672974 0.949398
2270.054932 0.950406
2310.307007 0.951160
2350.381958 0.952595
2390.586792 0.952170
2430.803467 0.954209
2469.844727 0.954646
2509.046387 0.955653
2549.173218 0.956253
2589.071167 0.957141
2629.162720 0.959267
2669.565796 0.958847
2709.053101 0.959314
2748.306763 0.960246
2788.629517 0.961465
2827.913696 0.961894
2866.947876 0.961734
2906.916748 0.963010
2947.057739 0.963794
2987.288452 0.963148
3026.242432 0.964271
3065.507935 0.966226
3106.050293 0.967679
3146.288208 0.966344
3186.523682 0.967944
3225.560181 0.968786
3264.738281 0.969209
3305.290039 0.969230
3345.615234 0.969299
3384.576172 0.972128
3423.544189 0.970027
3464.858276 0.971553
3504.701904 0.972775
3543.476440 0.972616
3583.761597 0.972810
3621.495117 0.973971
3661.749390 0.973766
3702.001465 0.974212
3739.577026 0.975510
3779.706299 0.974523
3820.017212 0.975413
3860.160645 0.976844
3900.292236 0.976290
3940.615112 0.976977
3980.954468 0.977384
4021.416382 0.976947
4062.064941 0.978302
4101.458008 0.978787
4140.919189 0.978873
4180.276611 0.978695
4219.152832 0.979947
4260.492920 0.978144
4300.794434 0.979836
4339.665527 0.980250
4379.889160 0.980851
4418.996582 0.980266
4457.950439 0.982104
4498.259033 0.981850
4538.565186 0.982338
4578.649658 0.981941
4618.883057 0.982221
4657.843994 0.982497
4696.720215 0.983620
4736.703369 0.983321
4776.379395 0.984268
4816.352783 0.983647
4856.439453 0.983824
4896.639404 0.984377
4935.982666 0.984823
4975.472656 0.984994
5016.180176 0.985613
5056.828613 0.985919
5096.001953 0.984166
5135.021973 0.984569
5175.212646 0.986549
5215.119873 0.985766
5255.268066 0.986517
5293.013428 0.986856
5333.145264 0.987341
5373.465820 0.987122
5411.385742 0.987383
5451.729736 0.988547
5491.974609 0.988477
5532.202881 0.988306
5572.530273 0.988742
5612.912354 0.987636
5653.126709 0.987345
5693.364502 0.989435
5733.512695 0.988475
5773.580566 0.988024
5813.957764 0.989494
5853.289307 0.989846
5892.422607 0.989719
5931.466064 0.989510
5970.476318 0.988708
6010.763672 0.990128
6051.169189 0.990256
6091.503906 0.989869
6131.590820 0.990407
6170.318115 0.989864
6209.279053 0.990197
6249.347168 0.990115
6289.417725 0.990281
6329.636475 0.991093
6369.926025 0.990917
6409.052490 0.990639
6448.025391 0.992245
6488.161377 0.993104
6528.184326 0.991423
6568.181641 0.991492
6608.455078 0.991295
6648.761230 0.992204
6687.931885 0.991973
6727.289551 0.991671
6767.687988 0.992031
6808.060547 0.992689
6847.243164 0.992744
6886.442383 0.993286
6926.760742 0.993322
6967.003418 0.993882
7004.741699 0.992516
7042.555176 0.993216
7082.715088 0.992406
7122.875000 0.993603
7163.249756 0.992812
7203.445557 0.993156
7243.688232 0.994328
7283.947021 0.993454
7324.066895 0.993629
7364.042969 0.993264
7404.224121 0.994239
7444.627197 0.993335
7483.736816 0.994026
7523.825928 0.993346
7563.841797 0.994140
7602.802490 0.994935
7643.035645 0.994203
7682.043945 0.994599
7720.976562 0.993190
7761.315918 0.993942
7801.721436 0.993199
7842.077148 0.993679
7881.165527 0.994484
7920.048584 0.994902
7960.222656 0.994262
8000.522217 0.994201
8040.877930 0.995031
8079.994629 0.994524
8118.887207 0.994032
8159.023193 0.994573
8199.478516 0.994485
8239.881836 0.994463
8279.890625 0.993865
8318.610352 0.993834
8357.457520 0.994934
8397.844238 0.996218
8437.126465 0.996229
8476.307129 0.995546
8516.847168 0.994897
8557.226562 0.995400
8597.591797 0.995837
8635.351562 0.995643
8672.962402 0.995220
8713.256836 0.995314
8753.322754 0.995745
8793.411621 0.994311
8833.651367 0.994911
8873.886719 0.994064
8914.318359 0.994355
8954.731445 0.995113
8993.437500 0.994299
9032.053711 0.994151
9072.034180 0.995265
9112.113770 0.995391
9152.195801 0.996214
9191.237305 0.994913
9230.491211 0.995414
9270.790039 0.994614
9311.186523 0.996221
9350.367188 0.996030
9389.384277 0.997546
9429.625000 0.996153
9469.858398 0.996056
9509.930664 0.995795
9549.068359 0.996442
9588.616699 0.996024
9629.255859 0.995098
9669.649902 0.995352
9709.875977 0.995104
9748.895996 0.995217
9787.795898 0.995433
9827.794922 0.997736
9867.937988 0.995153
9907.980469 0.995870
9948.112305 0.995891
9988.430176 0.995980
10027.718750 0.995966
10066.908691 0.995924
10104.404297 0.996548
10142.076660 0.996764
10182.470215 0.995121
10222.731445 0.996437
10262.598633 0.997021
10302.369141 0.996112
10342.587891 0.995717
10382.823242 0.995931
10422.966797 0.995520
10463.336914 0.996389
10503.735840 0.995689
10543.822754 0.995464
10583.883301 0.995392
10622.900879 0.995316
10662.012695 0.996415
10702.321289 0.995827
10742.313965 0.996185
10781.992188 0.995428
10821.972656 0.996645
10860.900879 0.995935
10899.541016 0.996145
10939.479004 0.995817
10979.660156 0.996934
11020.313477 0.995531
11060.886230 0.994851
11099.648926 0.996372
11138.491699 0.995770
11178.831055 0.996132
11219.236816 0.995949
11259.687012 0.996716
11298.532227 0.995226
11337.011719 0.995495
11377.013672 0.997652
11417.463867 0.995588
11457.595215 0.996538
11497.597168 0.994569
11537.936523 0.994554
11577.064941 0.994152
11616.104004 0.996277
11656.336914 0.996084
11696.418945 0.998186
11735.226562 0.995639
11773.935059 0.995670
11814.234375 0.995283
11852.316895 0.995335
11890.331055 0.994378
11931.017578 0.995227
11971.456543 0.995391
12011.864258 0.995509
12052.274414 0.996567
12092.587891 0.995135
12132.811523 0.995609
12172.950195 0.996042
12213.103027 0.995046
12251.995605 0.994749
12292.054199 0.995342
12332.093750 0.995455
12370.981445 0.996500
12411.125000 0.994932
12451.424316 0.995463
12491.983398 0.995568
12531.107422 0.995017
12570.080078 0.996400
12610.379395 0.994916
12650.605957 0.994129
12690.916992 0.995114
12730.108398 0.995305
12769.383301 0.996317
12810.013184 0.995726
12850.559570 0.995725
12889.750000 0.995182
12928.881348 0.995157
12969.050293 0.994683
13009.130371 0.995069
13049.167969 0.994147
13087.817383 0.994473
13126.716797 0.995497
13167.081543 0.994340
13207.484863 0.995419
13247.973145 0.994727
13288.144531 0.994802
13328.446289 0.994509
13367.784668 0.994800
13406.830078 0.994092
13446.978027 0.995232
13487.027344 0.994525
13524.456543 0.993947
13561.984375 0.992587
13602.208008 0.994205
13642.568848 0.993252
13683.111816 0.995606
13723.829102 0.993858
13764.394531 0.993553
13804.807129 0.994637
13845.021484 0.993854
13885.001465 0.992716
13925.085938 0.992665
13965.309570 0.996213
14004.411621 0.993881
14043.365723 0.994235
14083.205078 0.994336
14123.131348 0.994118
14162.066406 0.994557
14202.122559 0.994384
14242.209473 0.993845
14281.401855 0.992092
14321.819336 0.993845
14362.151367 0.992986
14401.426270 0.992697
14440.628418 0.993834
14481.177246 0.993998
14520.437500 0.993601
14559.629883 0.993983
14600.257812 0.992569
14640.656250 0.992981
14679.378418 0.993607
14717.997559 0.993130
14758.072266 0.993803
14798.302246 0.993205
14838.679199 0.993213
14878.985352 0.992147
14919.211914 0.992176
14958.175781 0.992648
14988.278809 0.992170
